预测结果
20.162453
20.750341
22.904732
24.027802
19.261967
19.261967
27.21368
20.041536
20.041536
22.904732
20.041536
19.261967
20.162453
20.041536
24.027802
22.904732
27.21368
24.027802
18.54592
20.041536
19.261967
22.957571
22.904732
19.261967
24.027802
22.904732
22.957571
17.769178
19.261967
20.162453
22.904732
20.162453
20.162453
20.041536
27.21368
20.162453
17.769178
24.027802
22.249891
25.500021
22.957571
17.001425
24.027802
22.957571
22.957571
24.027802
22.957571
20.041536
20.041536
22.904732
19.261967
20.889122
20.750341
24.027802
20.041536
20.041536
24.027802
20.162453
22.904732
20.162453
20.041536
27.21368
17.769178
20.041536
20.889122
20.041536
20.041536
22.957571
24.027802
19.261967
20.041536
20.162453
24.027802
22.957571
20.162453
24.027802
20.162453
22.599827
24.027802
25.500021
22.957571
23.999538
19.261967
20.162453
22.904732
20.162453
19.261967
20.162453
20.889122
22.957571
22.957571
18.54592
17.769178
23.009407
22.957571
20.041536
20.041536
22.957571
19.261967
24.027802
20.162453
17.002174
20.041536
20.162453
20.041536
20.041536
22.957571
23.999538
20.162453
