预测结果
20.165477298276052
20.486009661835748
22.708876521693597
23.9861366521155
19.071394963898747
19.071394963898747
27.088715052018852
20.14447055912921
20.14447055912921
22.708876521693597
20.14447055912921
19.071394963898747
20.165477298276052
20.14447055912921
23.9861366521155
22.708876521693597
27.088715052018852
23.9861366521155
18.49915474824453
20.14447055912921
19.071394963898747
23.011227411208683
22.708876521693597
19.071394963898747
23.9861366521155
22.708876521693597
23.011227411208683
17.77822295225153
19.071394963898747
20.165477298276052
22.708876521693597
20.165477298276052
20.165477298276052
20.14447055912921
27.088715052018852
20.165477298276052
17.77822295225153
23.9861366521155
21.494678921568628
25.413934565434552
23.011227411208683
17.045800865800867
23.9861366521155
23.011227411208683
23.011227411208683
23.9861366521155
23.011227411208683
20.14447055912921
20.14447055912921
22.708876521693597
19.071394963898747
20.78814204325498
20.486009661835748
23.9861366521155
20.14447055912921
20.14447055912921
23.9861366521155
20.165477298276052
22.708876521693597
20.165477298276052
20.14447055912921
27.088715052018852
17.77822295225153
20.14447055912921
20.78814204325498
20.14447055912921
20.14447055912921
23.011227411208683
23.9861366521155
19.071394963898747
20.14447055912921
20.165477298276052
23.9861366521155
23.011227411208683
20.165477298276052
23.9861366521155
20.165477298276052
22.464898989898998
23.9861366521155
25.413934565434552
23.011227411208683
23.795892857142853
19.071394963898747
20.165477298276052
22.708876521693597
20.165477298276052
19.071394963898747
20.165477298276052
20.78814204325498
23.011227411208683
23.011227411208683
18.49915474824453
17.77822295225153
22.553182539682535
23.011227411208683
20.14447055912921
20.14447055912921
23.011227411208683
19.071394963898747
23.9861366521155
20.165477298276052
17.79114285714285
20.14447055912921
20.165477298276052
20.14447055912921
20.14447055912921
23.011227411208683
23.795892857142853
20.165477298276052
