预测结果
26.05
22.495000000000005
34.63199999999998
29.564
26.793000000000003
27.914
12.59
27.126000000000005
19.314
31.258999999999997
13.87
20.523999999999997
15.860000000000003
26.93
19.077
29.10400000000001
20.633999999999997
33.071000000000005
29.696000000000012
31.57800000000002
20.711
38.00200000000002
32.79399999999999
16.215
30.857
24.774
20.291999999999998
18.607
28.256999999999994
23.82
14.85
20.064
19.644000000000002
31.16300000000003
13.605
33.227
14.135
27.534000000000002
14.525
11.88
14.785
28.38
34.035999999999994
26.715999999999998
14.725
11.8
18.042999999999996
35.03999999999999
22.945
30.851999999999997
14.025
24.528000000000002
23.656999999999996
34.30699999999999
30.011
15.935
18.819000000000003
19.017
23.92
24.301
11.98
19.704
25.752000000000013
21.936999999999998
25.69400000000001
26.482
24.729999999999997
30.743999999999996
20.438999999999997
13.94
23.335
13.06
21.61
27.42
21.768000000000008
26.784000000000002
13.77
16.59
26.96
19.467000000000002
24.863000000000003
21.351000000000003
14.115
36.53499999999996
15.919
37.44899999999995
27.436000000000007
20.999999999999996
17.993
16.165
26.374000000000027
27.29899999999999
31.355000000000004
29.718000000000004
19.8
19.257999999999996
21.066000000000003
12.43
