预测结果
25.913035225804084
26.129107374632916
34.529823473973416
24.933102254956523
28.493895491750944
30.622998516458885
8.640226731854332
30.779954283078226
20.58125745360279
28.68439733198679
12.605140061774593
25.27507790013442
16.74564285090915
29.750123995792706
21.850273258981577
29.28424089617116
20.4102619357747
33.433962564399664
26.755830976869557
30.015707738673928
18.95524851816122
34.4979859309708
35.51192872368382
14.858869723862366
28.5099025521069
25.71015300256318
21.154038764435054
16.239647654151742
28.732919719222117
24.188908769128656
13.395716504140113
23.448980507254717
20.71687286886637
31.96065245731097
12.30275920254449
36.24214919637057
10.886856827338434
24.42553405060013
11.444676809178896
7.169103454716797
12.854454687615762
27.625431948819177
34.741372252540394
26.470090861742573
12.015536344537535
9.832821450928863
17.65703325641524
31.42216050243066
24.418175220786658
30.249778001625188
11.90351907579871
26.608554237848328
23.20136194522759
35.170822022779866
28.213028929273356
17.831592916996147
20.188601411887685
22.6983530478196
22.806369775998963
26.09837043468352
8.535623084834741
22.69417687612558
25.730340081361803
23.469473577684465
30.041247547939648
28.781542226057425
25.817804738979838
29.480501305019118
21.641436745096296
10.097186380144967
22.833877972361552
13.250901356231376
26.786397528277845
28.09867777933741
24.1746439105598
24.13579398664786
14.004722706486552
14.813764403061455
25.855779079525835
20.48159976012278
25.08606392019749
21.371013355397018
12.349205802088195
32.959161475163114
15.341594371521044
34.05093765178694
26.879888158977675
23.38675996917884
16.788158487865218
16.990408399411688
25.61481555406705
26.733750996503346
32.58687271099643
29.416188078665435
21.210798537865426
18.227445443083827
20.7423323869927
10.154296500096502
